x=[4805
4640
4474
4304
4130
3955
3778
3598
3415
3231
3046
2858
2668
2476
2285
2091
1894
1698
1502
1303
1103
903
704
503
301
100
-101
-302
-504
-705
-904
-1104
-1304
-1503
-1699
-1895
-2092
-2286
-2477
-2669
-2859
-3047
-3232
-3416
-3599
-3779
-3956
-4131
-4305
-4475
-4641
-4806
-4968
-5127
-5282
-5434
-5584
-5730
-5871
-6010
-6147
-6278
-6405
-6529
-6650
-6766
-6876
-6984
-7089
-7188
-7282
-7372
-7460
-7541
-7617
-7689
-7758
-7822
-7879
-7933
-7983
-8027
-8065
-8099
-8130
-8155
-8173
-8188
-8199
-8204
-8203
-8198
-8189
-8174
-8153
-8129
-8100
-8066
-8026
-7981
-7934
-7880
-7820
-7757
-7691
-7618
-7540
-7458
-7373
-7283
-7187
-7088
-6985
-6877
-6764
-6648
-6530
-6406
-6277
-6145
-6011
-5873
-5729
-5583
-5435
-5283
-5126
-4967
-4807
-4642
-4474
-4303
-4132
-3957
-3778
-3598
-3417
-3233
-3046
-2858
-2670
-2479
-2285
-2091
-1897
-1700
-1501
-1303
-1105
-905
-704
-503
-303
-102
101
302
502
703
904
1104
1302
1500
1699
1896
2090
2284
2478
2669
2857
3045
3232
3416
3597
3777
3956
4131
4302
4473
4641
4806
4966
5125
5282
5434
5582
5728
5872
6010
6144
6276
6405
6529
6647
6763
6876
6984
7087
7186
7282
7372
7457
7539
7617
7690
7756
7819
7879
7933
7980
8025
8065
8099
8128
8152
8173
8188
8197
8202
8203
8198
8187
8172
8154
8129
8098
8064
8026
7982
7932
7878
7821
7757
7688
7616
7540
7459
7371
7281
7187
7088
6983
6875
6765
6649
6528
6404
6277
6146
6009
5870
5729
5583
5433
5281
5126
4967
4805
4640
4474
4304
4130
3955
3778
3598
3415
3231
3046
2858
2668
2476
2285
2091
1894
1698
1502
1303
1103
903
704
503
301
100
-101
-302
-504
-705
-904
-1104
-1304
-1503
-1699
-1895
-2092
-2286
-2477
-2669
-2859
-3047
-3232
-3416
-3599
-3779
-3956
-4131
-4305
-4475
-4641
-4806
-4968
-5127
-5282
-5434
-5584
-5730
-5871
-6010
-6147
-6278
-6405
-6529
-6650
-6766
-6876
-6984
-7089
-7188
-7282
-7372
-7460
-7541
-7617
-7689
-7758
-7822
-7879
-7933
-7983
-8027
-8065
-8099
-8130
-8155
-8173
-8188
-8199
-8204
-8203
-8198
-8189
-8174
-8153
-8129
-8100
-8066
-8026
-7981
-7934
-7880
-7820
-7757
-7691
-7618
-7540
-7458
-7373
-7283
-7187
-7088
-6985
-6877
-6764
-6648
-6530
-6406
-6277
-6145
-6011
-5873
-5729
-5583
-5435
-5283
-5126
-4967
-4807
-4642
-4474
-4303
-4132
-3957
-3778
-3598
-3417
-3233
-3046
-2858
-2670
-2479
-2285
-2091
-1897
-1700
-1501
-1303
-1105
-905
-704
-503
-303
-102
101
302
502
703
904
1104
1302
1500
1699
1896
2090
2284
2478
2669
2857
3045
3232
3416
3597
3777
3956
4131
4302
4473
4641
4806
4966
5125
5282
5434
5582
5728
5872
6010
6144
6276
6405
6529
6647
6763
6876
6984
7087
7186
7282
7372
7457
7539
7617
7690
7756
7819
7879
7933
7980
8025
8065
8099
8128
8152
8173
8188
8197
8202
8203
8198
8187
8172
8154
8129
8098
8064
8026
7982
7932
7878
7821
7757
7688
7616
7540
7459
7371
7281
7187
7088
6983
6875
6765
6649
6528
6404
6277
6146
6009
5870
5729
5583
5433
5281
5126
4967
4805
4640
4474
4304
4130
3955
3778
3598
3415
3231
3046
2858
2668
2476
2285
2091
1894
1698
1502
1303
1103
903
704
503
301
100
-101
-302
-504
-705
-904
-1104
-1304
-1503
-1699
-1895
-2092
-2286
-2477
-2669
-2859
-3047
-3232
-3416
-3599
-3779
-3956
-4131
-4305
-4475
-4641
-4806
-4968
-5127
-5282
-5434
-5584
-5730
-5871
-6010
-6147
-6278
-6405
-6529
-6650
-6766
-6876
-6984
-7089
-7188
-7282
-7372
-7460
-7541
-7617
-7689
-7758
-7822
-7879
-7933
-7983
-8027
-8065
-8099
-8130
-8155
-8173
-8188
-8199
-8204
-8203
-8198
-8189
-8174
-8153
-8129
-8100
-8066
-8026
-7981
-7934
-7880
-7820
-7757
-7691
-7618
-7540
-7458
-7373
-7283
-7187
-7088
-6985
-6877
-6764
-6648
-6530
-6406
-6277
-6145
-6011
-5873
-5729
-5583
-5435
-5283
-5126
-4967
-4807
-4642
-4474
-4303
-4132
-3957
-3778
-3598
-3417
-3233
-3046
-2858
-2670
-2479
-2285
-2091
-1897
-1700
-1501
-1303
-1105
-905
-704
-503
-303
-102
101
302
502
703
904
1104
1302
1500
1699
1896
2090
2284
2478
2669
2857
3045
3232
3416
3597
3777
3956
4131
4302
4473
4641
4806
4966
5125
5282
5434
5582
5728
5872
6010
6144
6276
6405
6529
6647
6763
6876
6984
7087
7186
7282
7372
7457
7539
7617
7690
7756
7819
7879
7933
7980
8025
8065
8099
8128
8152
8173
8188
8197
8202
8203
8198
8187
8172
8154
8129
8098
8064
8026
7982
7932
7878
7821
7757
7688
7616
7540
7459
7371
7281
7187
7088
6983
6875
6765
6649
6528
6404
6277
6146
6009
5870
5729
5583
5433
5281
5126
4967
4805
4640
4474
4304
4130
3955
3778
3598
3415
3231
3046
2858
2668
2476
2285
2091
1894
1698
1502
1303
1103
903
704
503
301
100
-101
-302
-504
-705
-904
-1104
-1304
-1503
-1699
-1895
-2092
-2286
-2477
-2669
-2859
-3047
-3232
-3416
-3599
-3779
-3956
-4131
-4305
-4475
-4641
-4806
-4968
-5127
-5282
-5434
-5584
-5730
-5871
-6010
-6147
-6278
-6405
-6529
-6650
-6766
-6876
-6984
-7089
-7188
-7282
-7372
-7460
-7541
-7617
-7689
-7758
-7822
-7879
-7933
-7983
-8027
-8065
-8099
-8130
-8155
-8173
-8188
-8199
-8204
-8203
-8198
-8189
-8174
-8153
-8129
-8100
-8066
-8026
-7981
-7934
-7880
-7820
-7757
-7691
-7618
-7540
-7458
-7373
-7283
-7187
-7088
-6985
-6877
-6764
-6648
-6530
-6406
-6277
-6145
-6011
-5873
-5729
-5583
-5435
-5283
-5126
-4967
-4807
-4642
-4474
-4303
-4132
-3957
-3778
-3598
-3417
-3233
-3046
-2858
-2670
-2479
-2285
-2091
-1897
-1700
-1501
-1303
-1105
-905
-704
-503
-303
-102
101
302
502
703
904
1104
1302
1500
1699
1896
2090
2284
2478
2669
2857
3045
3232
3416
3597
3777
3956
4131
4302
4473
4641
4806
4966
5125
5282
5434
5582
5728
5872
6010
6144
6276
6405
6529
6647
6763
6876
6984
7087
7186
7282
7372
7457
7539
7617
7690
7756
7819
7879
7933
7980
8025
8065
8099
8128
8152
8173
8188
8197
8202
8203
8198
8187
8172
8154
8129
8098
8064
8026
7982
7932
7878
7821
7757
7688
7616
7540
7459
7371
7281
7187
7088
6983
6875
6765
6649
6528
6404
6277
6146
6009
5870
5729
5583
5433
5281
5126
4967
4805
4640
4474
4304
4130
3955
3778
3598
3415
3231
3046
2858
2668
2476
2285
2091
1894
1698
1502
1303
1103
903
704
503
301
100
-101
-302
-504
-705
-904
-1104
-1304
-1503
-1699
-1895
-2092
-2286
-2477
-2669
-2859
-3047
-3232
-3416
-3599
-3779
-3956
-4131
-4305
-4475
-4641
-4806
-4968
-5127
-5282
-5434
-5584
-5730
-5871
-6010
-6147
-6278
-6405
-6529
-6650
-6766
-6876
-6984
-7089
-7188
-7282
-7372
-7460
-7541
-7617
-7689
-7758
-7822
-7879
-7933
-7983
-8027
-8065
-8099
-8130
-8155
-8173
-8188
-8199
-8204
-8203
-8198
-8189
-8174
-8153
-8129
-8100
-8066
-8026
-7981
-7934
-7880
-7820
-7757
-7691
-7618
-7540
-7458
-7373
-7283
-7187
-7088
-6985
-6877
-6764
-6648
-6530
-6406
-6277
-6145
-6011
-5873
-5729
-5583
-5435
-5283
-5126
-4967
-4807
-4642
-4474
-4303
-4132
-3957
-3778
-3598
-3417
-3233
-3046
-2858
-2670
-2479
-2285
-2091
-1897
-1700
-1501
-1303
-1105
-905
-704
-503
-303
-102
101
302
502
703
904
1104
1302
1500
1699
1896
2090
2284
2478
2669
2857
3045
3232
3416
3597
3777
3956
4131
4302
4473
4641
4806
4966
5125
5282
5434
5582
5728
5872
6010
6144
6276
6405
6529
6647
6763
6876
6984
7087
7186
7282
7372
7457
7539
7617
7690
7756
7819
7879
7933
7980
8025
8065
8099
8128
8152
8173
8188
8197
8202
8203
8198
8187
8172
8154
8129
8098
8064
8026
7982
7932
7878
7821
7757
7688
7616
7540
7459
7371
7281
7187
7088
6983
6875
6765
6649
6528
6404
6277
6146
6009
5870
5729
5583
5433
5281
5126
4967
4805
4640
4474
4304
4130
3955
3778
3598
3415
3231
3046
2858
2668
2476
2285
2091
1894
1698
1502
1303
1103
903
704
503
301
100
-101
-302
-504
-705
-904
-1104
-1304
-1503
-1699
-1895
-2092
-2286
-2477
-2669
-2859
-3047
-3232
-3416
-3599
-3779
-3956
-4131
-4305
-4475
-4641
-4806
-4968
-5127
-5282
-5434
-5584
-5730
-5871
-6010
-6147
-6278
-6405
-6529
-6650
-6766
-6876
-6984
-7089
-7188
-7282
-7372
-7460
-7541
-7617
-7689
-7758
-7822
-7879
-7933
-7983
-8027
-8065
-8099
-8130
-8155
-8173
-8188
-8199
-8204
-8203
-8198
-8189
-8174
-8153
-8129
-8100
-8066
-8026
-7981
-7934
-7880
-7820
-7757
-7691
-7618
-7540
-7458
-7373
-7283
-7187
-7088
-6985
-6877
-6764
-6648
-6530
-6406
-6277
-6145
-6011
-5873
-5729
-5583
-5435
-5283
-5126
-4967
-4807
-4642
-4474
-4303
-4132
-3957
-3778
-3598
-3417
-3233
-3046
-2858
-2670
-2479
-2285
-2091
-1897
-1700
-1501
-1303
-1105
-905
-704
-503
-303
-102
101
302
502
703
904
1104
1302
1500
1699
1896
2090
2284
2478
2669
2857
3045
3232
3416
3597
3777
3956
4131
4302
4473
4641
4806
4966
5125
5282
5434
5582
5728
5872
6010
6144
