DAC_FIR_DATA=[2462
2462
2524
2536
2536
2559
2559
2551
2523
2523
2460
2460
2372
2312
2312
2204
2204
2078
2014
2014
1888
1888
1780
1720
1720
1632
1632
1571
1559
1559
1536
1536
1544
1572
1572
1634
1634
1723
1783
1783
1891
1891
2018
2082
2082
2208
2208
2316
2375
2375
2463
2463
2524
2536
2536
2559
2559
2551
2522
2522
2460
2460
2372
2312
2312
2204
2204
2077
2013
2013
1887
1887
1779
1711
1711
1632
1632
1571
1559
1559
1536
1536
1544
1572
1572
1635
1635
1723
1768
1768
1892
1892
2018
2083
2083
2208
2208
2316
2384
2384
2463
2463
2525
2536
2536
2559
2559
2551
2522
2522
2460
2460
2372
2327
2327
2203
2203
2077
2012
2012
1886
1886
1778
1711
1711
1631
1631
1570

];


DAC_NCO_DATA=[1328
1026
1026
1667
1667
2798
3069
3069
2428
2428
1841
1026
1026
1666
1666
2286
3069
3069
2429
2429
1329
1026
1026
1666
1666
2286
3069
3069
2429
2429
1843
1026
1026
1666
1666
2284
3069
3069
2429
2429
1843
1026
1026
1664
1664
2796
3069
3069
2431
2431
1843
1026
1026
1664
1664
2796
3069
3069
2431
2431
1832
1026
1026
1664
1664
2295
3069
3069
2432
2432
1832
1026
1026
1663
1663
2807
3069
3069
2432
2432
1800
1026
1026
1663
1663
2293
3069
3069
2432
2432
1834
1026
1026
1661
1661
2293
3069
3069
2434
2434
1802
1026
1026
1661
1661
2293
3069
3069
2434
2434
1835
1026
1026
1661
1661
2292
3069
3069
2434
2434
1803
1026
1026
1660
1660
2804
3069
3069
];