clk=1000;
add_width=16;
mu_fre=[261.6 293.6 329.6 349.2 392 440 493.8];
fre_word=(mu_fre*2^add_width)/clk;